Car
{0.0: (3494.0, 2008.0, 40, 20)}
1
---------------------------------
Car
{0.0: (3447.0, 1955.0, 40, 20), 0.4: (3462.0, 1972.0, 40, 20), 0.8: (3478.0, 1988.0, 40, 20), 1.2: (3495.0, 2004.0, 40, 20)}
2
---------------------------------
Car
{0.0: (3400.0, 1877.0, 40, 20), 0.4: (3415.0, 1892.0, 40, 20), 0.8: (3430.0, 1907.0, 40, 20), 1.2: (3445.0, 1922.0, 40, 20), 1.6: (3460.0, 1937.0, 40, 20), 2.0: (3476.0, 1953.0, 40, 20), 2.4: (3492.0, 1969.0, 40, 20), 2.8: (3509.0, 1984.0, 40, 20), 3.2: (3526.0, 2000.0, 40, 20), 3.6: (3543.0, 2016.0, 40, 20)}
3
---------------------------------
Motorcycle
{0.0: (3337.0, 1866.0, 18, 10), 0.4: (3369.0, 1901.0, 18, 10), 0.8: (3401.0, 1933.0, 18, 10), 1.2: (3432.0, 1962.0, 18, 10), 1.6: (3459.0, 1990.0, 18, 10), 2.0: (3484.0, 2015.0, 18, 10)}
4
---------------------------------
Car
{0.0: (3316.0, 1824.0, 40, 20), 0.4: (3333.0, 1840.0, 40, 20), 0.8: (3349.0, 1856.0, 40, 20), 1.2: (3366.0, 1872.0, 40, 20), 1.6: (3382.0, 1887.0, 40, 20), 2.0: (3398.0, 1902.0, 40, 20), 2.4: (3415.0, 1917.0, 40, 20), 2.8: (3433.0, 1931.0, 40, 20), 3.2: (3449.0, 1945.0, 40, 20), 3.6: (3465.0, 1958.0, 40, 20), 4.0: (3481.0, 1972.0, 40, 20), 4.4: (3497.0, 1985.0, 40, 20), 4.8: (3512.0, 1998.0, 40, 20), 5.2: (3528.0, 2012.0, 40, 20)}
5
---------------------------------
Car
{0.0: (3293.0, 1774.0, 40, 20), 0.4: (3306.0, 1787.0, 40, 20), 0.8: (3319.0, 1800.0, 40, 20), 1.2: (3333.0, 1813.0, 40, 20), 1.6: (3347.0, 1828.0, 40, 20), 2.0: (3361.0, 1843.0, 40, 20), 2.4: (3376.0, 1858.0, 40, 20), 2.8: (3392.0, 1873.0, 40, 20), 3.2: (3407.0, 1889.0, 40, 20), 3.6: (3422.0, 1905.0, 40, 20), 4.0: (3437.0, 1922.0, 40, 20), 4.4: (3451.0, 1939.0, 40, 20), 4.8: (3465.0, 1956.0, 40, 20), 5.2: (3480.0, 1974.0, 40, 20), 5.6: (3496.0, 1992.0, 40, 20), 6.0: (3512.0, 2011.0, 40, 20)}
6
---------------------------------
Motorcycle
{0.0: (3291.0, 1792.0, 18, 10), 0.4: (3305.0, 1811.0, 18, 10), 0.8: (3322.0, 1833.0, 18, 10), 1.2: (3341.0, 1858.0, 18, 10), 1.6: (3362.0, 1884.0, 18, 10), 2.0: (3387.0, 1910.0, 18, 10), 2.4: (3413.0, 1936.0, 18, 10), 2.8: (3441.0, 1961.0, 18, 10), 3.2: (3467.0, 1983.0, 18, 10), 3.6: (3494.0, 2005.0, 18, 10)}
7
---------------------------------
Car
{0.0: (3165.0, 1715.0, 40, 20), 0.4: (3165.0, 1715.0, 40, 20), 0.8: (3165.0, 1715.0, 40, 20), 1.2: (3165.0, 1715.0, 40, 20), 1.6: (3165.0, 1715.0, 40, 20), 2.0: (3165.0, 1715.0, 40, 20), 2.4: (3165.0, 1715.0, 40, 20), 2.8: (3165.0, 1715.0, 40, 20), 3.2: (3165.0, 1715.0, 40, 20), 3.6: (3165.0, 1715.0, 40, 20), 4.0: (3165.0, 1715.0, 40, 20), 4.4: (3165.0, 1715.0, 40, 20), 4.8: (3166.0, 1716.0, 40, 20), 5.2: (3168.0, 1717.0, 40, 20), 5.6: (3169.0, 1719.0, 40, 20), 6.0: (3172.0, 1722.0, 40, 20), 6.4: (3175.0, 1727.0, 40, 20), 6.8: (3180.0, 1733.0, 40, 20), 7.2: (3186.0, 1740.0, 40, 20), 7.6: (3195.0, 1747.0, 40, 20), 8.0: (3204.0, 1756.0, 40, 20), 8.4: (3213.0, 1766.0, 40, 20), 8.8: (3222.0, 1776.0, 40, 20), 9.2: (3233.0, 1787.0, 40, 20), 9.6: (3243.0, 1797.0, 40, 20), 10.0: (3254.0, 1807.0, 40, 20), 10.4: (3264.0, 1817.0, 40, 20), 10.8: (3274.0, 1827.0, 40, 20), 11.2: (3284.0, 1837.0, 40, 20), 11.6: (3296.0, 1849.0, 40, 20), 12.0: (3308.0, 1860.0, 40, 20), 12.4: (3321.0, 1873.0, 40, 20), 12.8: (3334.0, 1886.0, 40, 20), 13.2: (3349.0, 1900.0, 40, 20), 13.6: (3364.0, 1914.0, 40, 20), 14.0: (3379.0, 1930.0, 40, 20), 14.4: (3396.0, 1945.0, 40, 20), 14.8: (3412.0, 1961.0, 40, 20), 15.2: (3428.0, 1976.0, 40, 20), 15.6: (3443.0, 1990.0, 40, 20), 16.0: (3458.0, 2004.0, 40, 20)}
8
---------------------------------
Car
{0.0: (3172.0, 1692.0, 40, 20), 0.4: (3183.0, 1703.0, 40, 20), 0.8: (3193.0, 1714.0, 40, 20), 1.2: (3205.0, 1725.0, 40, 20), 1.6: (3217.0, 1736.0, 40, 20), 2.0: (3230.0, 1748.0, 40, 20), 2.4: (3244.0, 1761.0, 40, 20), 2.8: (3257.0, 1775.0, 40, 20), 3.2: (3271.0, 1789.0, 40, 20), 3.6: (3287.0, 1803.0, 40, 20), 4.0: (3302.0, 1818.0, 40, 20), 4.4: (3318.0, 1833.0, 40, 20), 4.8: (3334.0, 1848.0, 40, 20), 5.2: (3349.0, 1863.0, 40, 20), 5.6: (3364.0, 1877.0, 40, 20), 6.0: (3380.0, 1892.0, 40, 20), 6.4: (3396.0, 1908.0, 40, 20), 6.8: (3412.0, 1925.0, 40, 20), 7.2: (3429.0, 1941.0, 40, 20), 7.6: (3445.0, 1956.0, 40, 20), 8.0: (3461.0, 1972.0, 40, 20), 8.4: (3477.0, 1989.0, 40, 20), 8.8: (3494.0, 2006.0, 40, 20)}
9
---------------------------------
Medium Vehicle
{0.0: (3115.0, 1689.0, 50, 20), 0.4: (3115.0, 1689.0, 50, 20), 0.8: (3115.0, 1689.0, 50, 20), 1.2: (3115.0, 1689.0, 50, 20), 1.6: (3115.0, 1689.0, 50, 20), 2.0: (3115.0, 1689.0, 50, 20), 2.4: (3115.0, 1689.0, 50, 20), 2.8: (3115.0, 1689.0, 50, 20), 3.2: (3115.0, 1689.0, 50, 20), 3.6: (3115.0, 1689.0, 50, 20), 4.0: (3115.0, 1689.0, 50, 20), 4.4: (3115.0, 1689.0, 50, 20), 4.8: (3115.0, 1689.0, 50, 20), 5.2: (3115.0, 1689.0, 50, 20), 5.6: (3115.0, 1689.0, 50, 20), 6.0: (3115.0, 1690.0, 50, 20), 6.4: (3116.0, 1690.0, 50, 20), 6.8: (3118.0, 1692.0, 50, 20), 7.2: (3123.0, 1696.0, 50, 20), 7.6: (3130.0, 1701.0, 50, 20), 8.0: (3139.0, 1708.0, 50, 20), 8.4: (3149.0, 1718.0, 50, 20), 8.8: (3160.0, 1728.0, 50, 20), 9.2: (3171.0, 1738.0, 50, 20), 9.6: (3182.0, 1748.0, 50, 20), 10.0: (3192.0, 1757.0, 50, 20), 10.4: (3203.0, 1767.0, 50, 20), 10.8: (3214.0, 1778.0, 50, 20), 11.2: (3227.0, 1788.0, 50, 20), 11.6: (3239.0, 1799.0, 50, 20), 12.0: (3254.0, 1810.0, 50, 20), 12.4: (3270.0, 1823.0, 50, 20), 12.8: (3288.0, 1836.0, 50, 20), 13.2: (3308.0, 1850.0, 50, 20), 13.6: (3329.0, 1866.0, 50, 20), 14.0: (3350.0, 1883.0, 50, 20), 14.4: (3371.0, 1901.0, 50, 20), 14.8: (3392.0, 1919.0, 50, 20), 15.2: (3415.0, 1940.0, 50, 20), 15.6: (3439.0, 1962.0, 50, 20), 16.0: (3463.0, 1985.0, 50, 20), 16.4: (3485.0, 2006.0, 50, 20)}
10
---------------------------------
Car
{0.0: (3153.0, 1641.0, 40, 20), 0.4: (3167.0, 1654.0, 40, 20), 0.8: (3180.0, 1667.0, 40, 20), 1.2: (3194.0, 1681.0, 40, 20), 1.6: (3209.0, 1694.0, 40, 20), 2.0: (3224.0, 1708.0, 40, 20), 2.4: (3239.0, 1723.0, 40, 20), 2.8: (3254.0, 1739.0, 40, 20), 3.2: (3269.0, 1754.0, 40, 20), 3.6: (3283.0, 1768.0, 40, 20), 4.0: (3297.0, 1783.0, 40, 20), 4.4: (3313.0, 1798.0, 40, 20), 4.8: (3329.0, 1813.0, 40, 20), 5.2: (3345.0, 1829.0, 40, 20), 5.6: (3362.0, 1845.0, 40, 20), 6.0: (3379.0, 1862.0, 40, 20), 6.4: (3395.0, 1878.0, 40, 20), 6.8: (3412.0, 1895.0, 40, 20), 7.2: (3429.0, 1910.0, 40, 20), 7.6: (3445.0, 1925.0, 40, 20), 8.0: (3462.0, 1941.0, 40, 20), 8.4: (3480.0, 1958.0, 40, 20), 8.8: (3497.0, 1975.0, 40, 20), 9.2: (3515.0, 1991.0, 40, 20)}
11
---------------------------------
Medium Vehicle
{0.0: (3232.0, 1723.0, 50, 20), 0.4: (3246.0, 1737.0, 50, 20), 0.8: (3260.0, 1752.0, 50, 20), 1.2: (3274.0, 1765.0, 50, 20), 1.6: (3287.0, 1778.0, 50, 20), 2.0: (3301.0, 1791.0, 50, 20), 2.4: (3315.0, 1804.0, 50, 20), 2.8: (3328.0, 1819.0, 50, 20), 3.2: (3343.0, 1833.0, 50, 20), 3.6: (3357.0, 1847.0, 50, 20), 4.0: (3373.0, 1862.0, 50, 20), 4.4: (3388.0, 1877.0, 50, 20), 4.8: (3404.0, 1892.0, 50, 20), 5.2: (3420.0, 1907.0, 50, 20), 5.6: (3438.0, 1922.0, 50, 20), 6.0: (3456.0, 1938.0, 50, 20), 6.4: (3472.0, 1954.0, 50, 20), 6.8: (3488.0, 1969.0, 50, 20), 7.2: (3505.0, 1986.0, 50, 20), 7.6: (3522.0, 2003.0, 50, 20)}
12
---------------------------------
Medium Vehicle
{0.0: (3107.0, 1635.0, 50, 20), 0.4: (3119.0, 1645.0, 50, 20), 0.8: (3130.0, 1655.0, 50, 20), 1.2: (3141.0, 1666.0, 50, 20), 1.6: (3152.0, 1676.0, 50, 20), 2.0: (3163.0, 1687.0, 50, 20), 2.4: (3174.0, 1698.0, 50, 20), 2.8: (3185.0, 1709.0, 50, 20), 3.2: (3198.0, 1722.0, 50, 20), 3.6: (3212.0, 1737.0, 50, 20), 4.0: (3227.0, 1753.0, 50, 20), 4.4: (3242.0, 1769.0, 50, 20), 4.8: (3258.0, 1786.0, 50, 20), 5.2: (3275.0, 1803.0, 50, 20), 5.6: (3292.0, 1821.0, 50, 20), 6.0: (3310.0, 1840.0, 50, 20), 6.4: (3328.0, 1860.0, 50, 20), 6.8: (3346.0, 1880.0, 50, 20), 7.2: (3363.0, 1898.0, 50, 20), 7.6: (3379.0, 1914.0, 50, 20), 8.0: (3395.0, 1930.0, 50, 20), 8.4: (3412.0, 1946.0, 50, 20), 8.8: (3429.0, 1962.0, 50, 20), 9.2: (3444.0, 1978.0, 50, 20), 9.6: (3459.0, 1993.0, 50, 20), 10.0: (3473.0, 2009.0, 50, 20)}
13
---------------------------------
Car
{0.0: (3079.0, 1634.0, 40, 20), 0.4: (3079.0, 1634.0, 40, 20), 0.8: (3079.0, 1634.0, 40, 20), 1.2: (3079.0, 1634.0, 40, 20), 1.6: (3079.0, 1634.0, 40, 20), 2.0: (3079.0, 1634.0, 40, 20), 2.4: (3080.0, 1635.0, 40, 20), 2.8: (3081.0, 1637.0, 40, 20), 3.2: (3083.0, 1639.0, 40, 20), 3.6: (3085.0, 1640.0, 40, 20), 4.0: (3088.0, 1641.0, 40, 20), 4.4: (3093.0, 1643.0, 40, 20), 4.8: (3099.0, 1646.0, 40, 20), 5.2: (3106.0, 1650.0, 40, 20), 5.6: (3115.0, 1656.0, 40, 20), 6.0: (3126.0, 1664.0, 40, 20), 6.4: (3139.0, 1672.0, 40, 20), 6.8: (3154.0, 1682.0, 40, 20), 7.2: (3171.0, 1695.0, 40, 20), 7.6: (3192.0, 1712.0, 40, 20), 8.0: (3212.0, 1730.0, 40, 20), 8.4: (3231.0, 1748.0, 40, 20), 8.8: (3250.0, 1767.0, 40, 20), 9.2: (3270.0, 1787.0, 40, 20), 9.6: (3291.0, 1808.0, 40, 20), 10.0: (3312.0, 1830.0, 40, 20), 10.4: (3335.0, 1852.0, 40, 20), 10.8: (3359.0, 1876.0, 40, 20), 11.2: (3383.0, 1899.0, 40, 20), 11.6: (3407.0, 1923.0, 40, 20), 12.0: (3431.0, 1947.0, 40, 20), 12.4: (3455.0, 1971.0, 40, 20), 12.8: (3478.0, 1994.0, 40, 20)}
14
---------------------------------
Car
{0.0: (3083.0, 1572.0, 40, 20), 0.4: (3097.0, 1585.0, 40, 20), 0.8: (3111.0, 1599.0, 40, 20), 1.2: (3126.0, 1612.0, 40, 20), 1.6: (3141.0, 1626.0, 40, 20), 2.0: (3156.0, 1640.0, 40, 20), 2.4: (3171.0, 1655.0, 40, 20), 2.8: (3187.0, 1670.0, 40, 20), 3.2: (3203.0, 1685.0, 40, 20), 3.6: (3220.0, 1699.0, 40, 20), 4.0: (3237.0, 1715.0, 40, 20), 4.4: (3254.0, 1731.0, 40, 20), 4.8: (3270.0, 1747.0, 40, 20), 5.2: (3287.0, 1763.0, 40, 20), 5.6: (3303.0, 1779.0, 40, 20), 6.0: (3320.0, 1795.0, 40, 20), 6.4: (3337.0, 1811.0, 40, 20), 6.8: (3354.0, 1828.0, 40, 20), 7.2: (3371.0, 1844.0, 40, 20), 7.6: (3388.0, 1860.0, 40, 20), 8.0: (3405.0, 1876.0, 40, 20), 8.4: (3421.0, 1892.0, 40, 20), 8.8: (3437.0, 1908.0, 40, 20), 9.2: (3453.0, 1923.0, 40, 20), 9.6: (3468.0, 1937.0, 40, 20), 10.0: (3483.0, 1952.0, 40, 20), 10.4: (3497.0, 1964.0, 40, 20), 10.8: (3510.0, 1977.0, 40, 20), 11.2: (3524.0, 1990.0, 40, 20), 11.6: (3538.0, 2004.0, 40, 20)}
15
---------------------------------
Car
{0.0: (3012.0, 1560.0, 40, 20), 0.4: (3027.0, 1571.0, 40, 20), 0.8: (3042.0, 1582.0, 40, 20), 1.2: (3058.0, 1593.0, 40, 20), 1.6: (3075.0, 1606.0, 40, 20), 2.0: (3091.0, 1619.0, 40, 20), 2.4: (3105.0, 1631.0, 40, 20), 2.8: (3119.0, 1643.0, 40, 20), 3.2: (3134.0, 1658.0, 40, 20), 3.6: (3150.0, 1673.0, 40, 20), 4.0: (3167.0, 1689.0, 40, 20), 4.4: (3183.0, 1706.0, 40, 20), 4.8: (3199.0, 1723.0, 40, 20), 5.2: (3215.0, 1741.0, 40, 20), 5.6: (3232.0, 1760.0, 40, 20), 6.0: (3249.0, 1779.0, 40, 20), 6.4: (3266.0, 1799.0, 40, 20), 6.8: (3284.0, 1820.0, 40, 20), 7.2: (3301.0, 1840.0, 40, 20), 7.6: (3318.0, 1860.0, 40, 20), 8.0: (3335.0, 1879.0, 40, 20), 8.4: (3353.0, 1897.0, 40, 20), 8.8: (3371.0, 1915.0, 40, 20), 9.2: (3388.0, 1932.0, 40, 20), 9.6: (3405.0, 1949.0, 40, 20), 10.0: (3421.0, 1965.0, 40, 20), 10.4: (3436.0, 1981.0, 40, 20), 10.8: (3452.0, 1995.0, 40, 20)}
16
---------------------------------
Car
{0.0: (3009.0, 1501.0, 40, 20), 0.4: (3014.0, 1506.0, 40, 20), 0.8: (3019.0, 1510.0, 40, 20), 1.2: (3025.0, 1514.0, 40, 20), 1.6: (3032.0, 1519.0, 40, 20), 2.0: (3040.0, 1524.0, 40, 20), 2.4: (3046.0, 1529.0, 40, 20), 2.8: (3053.0, 1535.0, 40, 20), 3.2: (3060.0, 1542.0, 40, 20), 3.6: (3068.0, 1550.0, 40, 20), 4.0: (3077.0, 1559.0, 40, 20), 4.4: (3087.0, 1569.0, 40, 20), 4.8: (3098.0, 1581.0, 40, 20), 5.2: (3110.0, 1593.0, 40, 20), 5.6: (3123.0, 1606.0, 40, 20), 6.0: (3136.0, 1619.0, 40, 20), 6.4: (3147.0, 1630.0, 40, 20), 6.8: (3158.0, 1641.0, 40, 20), 7.2: (3169.0, 1652.0, 40, 20), 7.6: (3181.0, 1664.0, 40, 20), 8.0: (3193.0, 1676.0, 40, 20), 8.4: (3206.0, 1689.0, 40, 20), 8.8: (3219.0, 1703.0, 40, 20), 9.2: (3235.0, 1718.0, 40, 20), 9.6: (3252.0, 1735.0, 40, 20), 10.0: (3269.0, 1751.0, 40, 20), 10.4: (3287.0, 1769.0, 40, 20), 10.8: (3305.0, 1787.0, 40, 20), 11.2: (3323.0, 1804.0, 40, 20), 11.6: (3340.0, 1822.0, 40, 20), 12.0: (3358.0, 1841.0, 40, 20), 12.4: (3377.0, 1860.0, 40, 20), 12.8: (3397.0, 1879.0, 40, 20), 13.2: (3415.0, 1898.0, 40, 20), 13.6: (3433.0, 1916.0, 40, 20), 14.0: (3450.0, 1934.0, 40, 20), 14.4: (3465.0, 1950.0, 40, 20), 14.8: (3480.0, 1965.0, 40, 20), 15.2: (3494.0, 1981.0, 40, 20), 15.6: (3509.0, 1996.0, 40, 20), 16.0: (3524.0, 2012.0, 40, 20)}
17
---------------------------------
Motorcycle
{0.0: (3005.0, 1541.0, 18, 10), 0.4: (3018.0, 1552.0, 18, 10), 0.8: (3031.0, 1562.0, 18, 10), 1.2: (3044.0, 1574.0, 18, 10), 1.6: (3058.0, 1585.0, 18, 10), 2.0: (3072.0, 1597.0, 18, 10), 2.4: (3085.0, 1608.0, 18, 10), 2.8: (3097.0, 1620.0, 18, 10), 3.2: (3110.0, 1632.0, 18, 10), 3.6: (3124.0, 1644.0, 18, 10), 4.0: (3139.0, 1657.0, 18, 10), 4.4: (3153.0, 1670.0, 18, 10), 4.8: (3169.0, 1683.0, 18, 10), 5.2: (3185.0, 1698.0, 18, 10), 5.6: (3202.0, 1713.0, 18, 10), 6.0: (3220.0, 1730.0, 18, 10), 6.4: (3240.0, 1749.0, 18, 10), 6.8: (3261.0, 1768.0, 18, 10), 7.2: (3282.0, 1788.0, 18, 10), 7.6: (3303.0, 1808.0, 18, 10), 8.0: (3325.0, 1830.0, 18, 10), 8.4: (3347.0, 1852.0, 18, 10), 8.8: (3370.0, 1876.0, 18, 10), 9.2: (3393.0, 1899.0, 18, 10), 9.6: (3416.0, 1922.0, 18, 10), 10.0: (3441.0, 1945.0, 18, 10), 10.4: (3466.0, 1969.0, 18, 10), 10.8: (3492.0, 1992.0, 18, 10)}
18
---------------------------------
Car
{0.0: (2935.0, 1485.0, 40, 20), 0.4: (2943.0, 1488.0, 40, 20), 0.8: (2952.0, 1492.0, 40, 20), 1.2: (2960.0, 1496.0, 40, 20), 1.6: (2968.0, 1501.0, 40, 20), 2.0: (2977.0, 1507.0, 40, 20), 2.4: (2986.0, 1513.0, 40, 20), 2.8: (2995.0, 1519.0, 40, 20), 3.2: (3004.0, 1526.0, 40, 20), 3.6: (3013.0, 1533.0, 40, 20), 4.0: (3022.0, 1541.0, 40, 20), 4.4: (3031.0, 1549.0, 40, 20), 4.8: (3041.0, 1557.0, 40, 20), 5.2: (3050.0, 1565.0, 40, 20), 5.6: (3059.0, 1574.0, 40, 20), 6.0: (3067.0, 1582.0, 40, 20), 6.4: (3077.0, 1591.0, 40, 20), 6.8: (3087.0, 1601.0, 40, 20), 7.2: (3097.0, 1610.0, 40, 20), 7.6: (3107.0, 1620.0, 40, 20), 8.0: (3116.0, 1629.0, 40, 20), 8.4: (3126.0, 1637.0, 40, 20), 8.8: (3135.0, 1645.0, 40, 20), 9.2: (3144.0, 1654.0, 40, 20), 9.6: (3152.0, 1662.0, 40, 20), 10.0: (3161.0, 1670.0, 40, 20), 10.4: (3172.0, 1679.0, 40, 20), 10.8: (3183.0, 1688.0, 40, 20), 11.2: (3195.0, 1698.0, 40, 20), 11.6: (3207.0, 1709.0, 40, 20), 12.0: (3221.0, 1721.0, 40, 20), 12.4: (3235.0, 1733.0, 40, 20), 12.8: (3251.0, 1746.0, 40, 20), 13.2: (3266.0, 1760.0, 40, 20), 13.6: (3283.0, 1775.0, 40, 20), 14.0: (3299.0, 1790.0, 40, 20), 14.4: (3315.0, 1805.0, 40, 20), 14.8: (3332.0, 1820.0, 40, 20), 15.2: (3348.0, 1836.0, 40, 20), 15.6: (3365.0, 1852.0, 40, 20), 16.0: (3382.0, 1869.0, 40, 20), 16.4: (3400.0, 1886.0, 40, 20), 16.8: (3418.0, 1902.0, 40, 20), 17.2: (3435.0, 1918.0, 40, 20), 17.6: (3451.0, 1932.0, 40, 20), 18.0: (3466.0, 1946.0, 40, 20), 18.4: (3481.0, 1959.0, 40, 20), 18.8: (3495.0, 1972.0, 40, 20), 19.2: (3507.0, 1984.0, 40, 20), 19.6: (3518.0, 1994.0, 40, 20)}
19
---------------------------------
Car
{0.0: (2944.0, 1459.0, 40, 20), 0.4: (2955.0, 1465.0, 40, 20), 0.8: (2966.0, 1471.0, 40, 20), 1.2: (2976.0, 1477.0, 40, 20), 1.6: (2985.0, 1484.0, 40, 20), 2.0: (2993.0, 1491.0, 40, 20), 2.4: (3001.0, 1496.0, 40, 20), 2.8: (3008.0, 1501.0, 40, 20), 3.2: (3015.0, 1507.0, 40, 20), 3.6: (3021.0, 1512.0, 40, 20), 4.0: (3027.0, 1518.0, 40, 20), 4.4: (3033.0, 1524.0, 40, 20), 4.8: (3040.0, 1530.0, 40, 20), 5.2: (3048.0, 1538.0, 40, 20), 5.6: (3057.0, 1546.0, 40, 20), 6.0: (3067.0, 1556.0, 40, 20), 6.4: (3080.0, 1567.0, 40, 20), 6.8: (3094.0, 1580.0, 40, 20), 7.2: (3107.0, 1593.0, 40, 20), 7.6: (3121.0, 1607.0, 40, 20), 8.0: (3135.0, 1620.0, 40, 20), 8.4: (3148.0, 1633.0, 40, 20), 8.8: (3160.0, 1645.0, 40, 20), 9.2: (3174.0, 1658.0, 40, 20), 9.6: (3187.0, 1672.0, 40, 20), 10.0: (3201.0, 1686.0, 40, 20), 10.4: (3217.0, 1701.0, 40, 20), 10.8: (3233.0, 1717.0, 40, 20), 11.2: (3249.0, 1733.0, 40, 20), 11.6: (3267.0, 1751.0, 40, 20), 12.0: (3285.0, 1768.0, 40, 20), 12.4: (3303.0, 1786.0, 40, 20), 12.8: (3321.0, 1804.0, 40, 20), 13.2: (3339.0, 1823.0, 40, 20), 13.6: (3359.0, 1842.0, 40, 20), 14.0: (3378.0, 1861.0, 40, 20), 14.4: (3398.0, 1880.0, 40, 20), 14.8: (3419.0, 1899.0, 40, 20), 15.2: (3437.0, 1917.0, 40, 20), 15.6: (3454.0, 1933.0, 40, 20), 16.0: (3470.0, 1949.0, 40, 20), 16.4: (3485.0, 1964.0, 40, 20), 16.8: (3500.0, 1978.0, 40, 20), 17.2: (3514.0, 1991.0, 40, 20), 17.6: (3526.0, 2003.0, 40, 20), 18.0: (3539.0, 2014.0, 40, 20)}
20
---------------------------------
Car
{0.0: (2886.0, 1436.0, 40, 20), 0.4: (2893.0, 1437.0, 40, 20), 0.8: (2900.0, 1438.0, 40, 20), 1.2: (2910.0, 1440.0, 40, 20), 1.6: (2922.0, 1444.0, 40, 20), 2.0: (2935.0, 1448.0, 40, 20), 2.4: (2949.0, 1452.0, 40, 20), 2.8: (2964.0, 1458.0, 40, 20), 3.2: (2978.0, 1464.0, 40, 20), 3.6: (2990.0, 1471.0, 40, 20), 4.0: (3002.0, 1478.0, 40, 20), 4.4: (3013.0, 1486.0, 40, 20), 4.8: (3024.0, 1493.0, 40, 20), 5.2: (3037.0, 1502.0, 40, 20), 5.6: (3050.0, 1512.0, 40, 20), 6.0: (3063.0, 1523.0, 40, 20), 6.4: (3077.0, 1536.0, 40, 20), 6.8: (3091.0, 1550.0, 40, 20), 7.2: (3106.0, 1564.0, 40, 20), 7.6: (3121.0, 1578.0, 40, 20), 8.0: (3138.0, 1594.0, 40, 20), 8.4: (3155.0, 1610.0, 40, 20), 8.8: (3173.0, 1628.0, 40, 20), 9.2: (3191.0, 1646.0, 40, 20), 9.6: (3208.0, 1663.0, 40, 20), 10.0: (3227.0, 1681.0, 40, 20), 10.4: (3245.0, 1700.0, 40, 20), 10.8: (3264.0, 1719.0, 40, 20), 11.2: (3284.0, 1738.0, 40, 20), 11.6: (3304.0, 1757.0, 40, 20), 12.0: (3323.0, 1776.0, 40, 20), 12.4: (3340.0, 1794.0, 40, 20), 12.8: (3356.0, 1810.0, 40, 20), 13.2: (3373.0, 1824.0, 40, 20), 13.6: (3390.0, 1836.0, 40, 20), 14.0: (3408.0, 1844.0, 40, 20), 14.4: (3428.0, 1846.0, 40, 20), 14.8: (3448.0, 1843.0, 40, 20), 15.2: (3466.0, 1834.0, 40, 20), 15.6: (3480.0, 1822.0, 40, 20), 16.0: (3491.0, 1805.0, 40, 20), 16.4: (3497.0, 1786.0, 40, 20), 16.8: (3499.0, 1764.0, 40, 20), 17.2: (3498.0, 1739.0, 40, 20), 17.6: (3496.0, 1712.0, 40, 20), 18.0: (3494.0, 1683.0, 40, 20), 18.4: (3495.0, 1654.0, 40, 20), 18.8: (3496.0, 1624.0, 40, 20), 19.2: (3497.0, 1592.0, 40, 20), 19.6: (3497.0, 1559.0, 40, 20)}
21
---------------------------------
Heavy Vehicle
{0.0: (2512.0, 208.5, 50, 25), 0.4: (2512.0, 208.5, 50, 25), 0.8: (2512.0, 208.5, 50, 25), 1.2: (2512.0, 208.5, 50, 25), 1.6: (2512.0, 208.5, 50, 25), 2.0: (2512.0, 208.5, 50, 25), 2.4: (2512.0, 208.5, 50, 25), 2.8: (2512.0, 208.5, 50, 25), 3.2: (2512.0, 208.5, 50, 25), 3.6: (2512.0, 208.5, 50, 25), 4.0: (2512.0, 208.5, 50, 25), 4.4: (2512.0, 208.5, 50, 25), 4.8: (2512.0, 208.5, 50, 25), 5.2: (2512.0, 208.5, 50, 25), 5.6: (2512.0, 208.5, 50, 25), 6.0: (2512.0, 208.5, 50, 25), 6.4: (2512.0, 208.5, 50, 25), 6.8: (2512.0, 208.5, 50, 25), 7.2: (2512.0, 208.5, 50, 25), 7.6: (2512.0, 208.5, 50, 25), 8.0: (2512.0, 208.5, 50, 25), 8.4: (2512.0, 208.5, 50, 25), 8.8: (2512.0, 208.5, 50, 25), 9.2: (2512.0, 208.5, 50, 25), 9.6: (2512.0, 208.5, 50, 25), 10.0: (2512.0, 208.5, 50, 25), 10.4: (2512.0, 208.5, 50, 25), 10.8: (2512.0, 208.5, 50, 25), 11.2: (2512.0, 208.5, 50, 25), 11.6: (2512.0, 208.5, 50, 25), 12.0: (2512.0, 208.5, 50, 25), 12.4: (2512.0, 208.5, 50, 25), 12.8: (2512.0, 208.5, 50, 25), 13.2: (2512.0, 208.5, 50, 25), 13.6: (2512.0, 208.5, 50, 25), 14.0: (2512.0, 208.5, 50, 25), 14.4: (2512.0, 208.5, 50, 25), 14.8: (2512.0, 208.5, 50, 25), 15.2: (2512.0, 208.5, 50, 25), 15.6: (2512.0, 208.5, 50, 25), 16.0: (2512.0, 208.5, 50, 25), 16.4: (2512.0, 208.5, 50, 25), 16.8: (2512.0, 208.5, 50, 25), 17.2: (2512.0, 208.5, 50, 25), 17.6: (2512.0, 208.5, 50, 25), 18.0: (2512.0, 208.5, 50, 25), 18.4: (2512.0, 208.5, 50, 25), 18.8: (2512.0, 208.5, 50, 25), 19.2: (2512.0, 208.5, 50, 25), 19.6: (2512.0, 208.5, 50, 25)}
22
---------------------------------
Medium Vehicle
{0.0: (2524.0, 571.0, 50, 20), 0.4: (2524.0, 571.0, 50, 20), 0.8: (2524.0, 571.0, 50, 20), 1.2: (2524.0, 571.0, 50, 20), 1.6: (2524.0, 571.0, 50, 20), 2.0: (2524.0, 571.0, 50, 20), 2.4: (2524.0, 571.0, 50, 20), 2.8: (2524.0, 571.0, 50, 20), 3.2: (2524.0, 571.0, 50, 20), 3.6: (2524.0, 571.0, 50, 20), 4.0: (2524.0, 571.0, 50, 20), 4.4: (2524.0, 571.0, 50, 20), 4.8: (2524.0, 571.0, 50, 20), 5.2: (2524.0, 571.0, 50, 20), 5.6: (2524.0, 571.0, 50, 20), 6.0: (2524.0, 571.0, 50, 20), 6.4: (2524.0, 571.0, 50, 20), 6.8: (2524.0, 571.0, 50, 20), 7.2: (2524.0, 571.0, 50, 20), 7.6: (2524.0, 571.0, 50, 20), 8.0: (2524.0, 571.0, 50, 20), 8.4: (2524.0, 571.0, 50, 20), 8.8: (2524.0, 571.0, 50, 20), 9.2: (2524.0, 571.0, 50, 20), 9.6: (2524.0, 571.0, 50, 20), 10.0: (2524.0, 571.0, 50, 20), 10.4: (2524.0, 571.0, 50, 20), 10.8: (2524.0, 571.0, 50, 20), 11.2: (2524.0, 571.0, 50, 20), 11.6: (2524.0, 571.0, 50, 20), 12.0: (2524.0, 571.0, 50, 20), 12.4: (2524.0, 571.0, 50, 20), 12.8: (2524.0, 571.0, 50, 20), 13.2: (2524.0, 571.0, 50, 20), 13.6: (2524.0, 571.0, 50, 20), 14.0: (2524.0, 571.0, 50, 20), 14.4: (2524.0, 571.0, 50, 20), 14.8: (2524.0, 571.0, 50, 20), 15.2: (2524.0, 571.0, 50, 20), 15.6: (2524.0, 571.0, 50, 20), 16.0: (2524.0, 571.0, 50, 20), 16.4: (2524.0, 571.0, 50, 20), 16.8: (2524.0, 571.0, 50, 20), 17.2: (2524.0, 571.0, 50, 20), 17.6: (2524.0, 571.0, 50, 20), 18.0: (2524.0, 571.0, 50, 20), 18.4: (2524.0, 571.0, 50, 20), 18.8: (2524.0, 571.0, 50, 20), 19.2: (2524.0, 571.0, 50, 20), 19.6: (2524.0, 571.0, 50, 20)}
23
---------------------------------
Car
{0.0: (2751.0, 819.0, 40, 20), 0.4: (2751.0, 819.0, 40, 20), 0.8: (2751.0, 819.0, 40, 20), 1.2: (2751.0, 819.0, 40, 20), 1.6: (2751.0, 819.0, 40, 20), 2.0: (2751.0, 819.0, 40, 20), 2.4: (2751.0, 819.0, 40, 20), 2.8: (2751.0, 819.0, 40, 20), 3.2: (2751.0, 819.0, 40, 20), 3.6: (2751.0, 819.0, 40, 20), 4.0: (2751.0, 819.0, 40, 20), 4.4: (2751.0, 819.0, 40, 20), 4.8: (2751.0, 819.0, 40, 20), 5.2: (2751.0, 819.0, 40, 20), 5.6: (2751.0, 819.0, 40, 20), 6.0: (2751.0, 819.0, 40, 20), 6.4: (2751.0, 819.0, 40, 20), 6.8: (2751.0, 819.0, 40, 20), 7.2: (2751.0, 819.0, 40, 20), 7.6: (2751.0, 819.0, 40, 20), 8.0: (2751.0, 819.0, 40, 20), 8.4: (2751.0, 819.0, 40, 20), 8.8: (2751.0, 819.0, 40, 20), 9.2: (2751.0, 819.0, 40, 20), 9.6: (2751.0, 819.0, 40, 20), 10.0: (2751.0, 819.0, 40, 20), 10.4: (2751.0, 819.0, 40, 20), 10.8: (2751.0, 819.0, 40, 20), 11.2: (2751.0, 819.0, 40, 20), 11.6: (2751.0, 819.0, 40, 20), 12.0: (2751.0, 819.0, 40, 20), 12.4: (2751.0, 819.0, 40, 20), 12.8: (2751.0, 819.0, 40, 20), 13.2: (2751.0, 819.0, 40, 20), 13.6: (2751.0, 819.0, 40, 20), 14.0: (2751.0, 819.0, 40, 20), 14.4: (2751.0, 819.0, 40, 20), 14.8: (2751.0, 819.0, 40, 20), 15.2: (2751.0, 819.0, 40, 20), 15.6: (2751.0, 819.0, 40, 20), 16.0: (2751.0, 819.0, 40, 20), 16.4: (2751.0, 819.0, 40, 20), 16.8: (2751.0, 819.0, 40, 20), 17.2: (2751.0, 819.0, 40, 20), 17.6: (2751.0, 819.0, 40, 20), 18.0: (2751.0, 819.0, 40, 20), 18.4: (2751.0, 819.0, 40, 20), 18.8: (2751.0, 819.0, 40, 20), 19.2: (2751.0, 819.0, 40, 20), 19.6: (2751.0, 819.0, 40, 20)}
24
---------------------------------
Motorcycle
{0.0: (3436.0, 1973.0, 18, 10), 0.4: (3458.0, 1997.0, 18, 10), 0.8: (3479.0, 2016.0, 18, 10)}
25
---------------------------------
Motorcycle
{0.0: (3356.0, 1823.0, 18, 10), 0.4: (3372.0, 1837.0, 18, 10), 0.8: (3388.0, 1851.0, 18, 10), 1.2: (3404.0, 1865.0, 18, 10), 1.6: (3421.0, 1880.0, 18, 10), 2.0: (3438.0, 1896.0, 18, 10), 2.4: (3455.0, 1912.0, 18, 10), 2.8: (3472.0, 1929.0, 18, 10), 3.2: (3489.0, 1945.0, 18, 10), 3.6: (3507.0, 1962.0, 18, 10), 4.0: (3526.0, 1979.0, 18, 10), 4.4: (3543.0, 1996.0, 18, 10), 4.8: (3558.0, 2010.0, 18, 10), 5.2: (3568.0, 2020.0, 18, 10)}
26
---------------------------------
Motorcycle
{0.0: (3373.0, 1817.0, 18, 10), 0.4: (3386.0, 1827.0, 18, 10), 0.8: (3399.0, 1835.0, 18, 10), 1.2: (3413.0, 1839.0, 18, 10), 1.6: (3427.0, 1840.0, 18, 10), 2.0: (3444.0, 1839.0, 18, 10), 2.4: (3461.0, 1834.0, 18, 10), 2.8: (3474.0, 1824.0, 18, 10), 3.2: (3483.0, 1811.0, 18, 10), 3.6: (3489.0, 1795.0, 18, 10), 4.0: (3494.0, 1778.0, 18, 10), 4.4: (3498.0, 1760.0, 18, 10), 4.8: (3502.0, 1741.0, 18, 10), 5.2: (3504.0, 1722.0, 18, 10), 5.6: (3506.0, 1702.0, 18, 10), 6.0: (3508.0, 1682.0, 18, 10), 6.4: (3509.0, 1661.0, 18, 10), 6.8: (3510.0, 1641.0, 18, 10), 7.2: (3510.0, 1622.0, 18, 10), 7.6: (3510.0, 1603.0, 18, 10), 8.0: (3509.0, 1585.0, 18, 10), 8.4: (3509.0, 1567.0, 18, 10), 8.8: (3510.0, 1550.0, 18, 10), 9.2: (3511.0, 1533.0, 18, 10), 9.6: (3513.0, 1517.0, 18, 10), 10.0: (3514.0, 1501.0, 18, 10), 10.4: (3514.0, 1487.0, 18, 10), 10.8: (3513.0, 1474.0, 18, 10), 11.2: (3513.0, 1462.0, 18, 10), 11.6: (3512.0, 1450.0, 18, 10), 12.0: (3511.0, 1436.0, 18, 10), 12.4: (3511.0, 1423.0, 18, 10), 12.8: (3512.0, 1409.0, 18, 10), 13.2: (3512.0, 1396.0, 18, 10), 13.6: (3512.0, 1383.0, 18, 10), 14.0: (3512.0, 1369.0, 18, 10), 14.4: (3512.0, 1355.0, 18, 10), 14.8: (3512.0, 1347.0, 18, 10), 15.2: (3511.0, 1346.0, 18, 10), 15.6: (3511.0, 1346.0, 18, 10), 16.0: (3511.0, 1346.0, 18, 10), 16.4: (3511.0, 1346.0, 18, 10), 16.8: (3511.0, 1346.0, 18, 10), 17.2: (3511.0, 1346.0, 18, 10), 17.6: (3511.0, 1346.0, 18, 10), 18.0: (3511.0, 1346.0, 18, 10), 18.4: (3511.0, 1346.0, 18, 10), 18.8: (3511.0, 1346.0, 18, 10), 19.2: (3511.0, 1346.0, 18, 10), 19.6: (3511.0, 1346.0, 18, 10)}
27
---------------------------------
Car
{0.0: (3595.0, 1890.0, 40, 20), 0.4: (3595.0, 1890.0, 40, 20), 0.8: (3595.0, 1890.0, 40, 20), 1.2: (3595.0, 1890.0, 40, 20), 1.6: (3595.0, 1890.0, 40, 20), 2.0: (3595.0, 1890.0, 40, 20), 2.4: (3595.0, 1890.0, 40, 20), 2.8: (3595.0, 1890.0, 40, 20), 3.2: (3595.0, 1890.0, 40, 20), 3.6: (3595.0, 1890.0, 40, 20), 4.0: (3595.0, 1890.0, 40, 20), 4.4: (3595.0, 1890.0, 40, 20), 4.8: (3595.0, 1890.0, 40, 20), 5.2: (3595.0, 1890.0, 40, 20), 5.6: (3595.0, 1890.0, 40, 20), 6.0: (3595.0, 1890.0, 40, 20), 6.4: (3595.0, 1890.0, 40, 20), 6.8: (3595.0, 1890.0, 40, 20), 7.2: (3595.0, 1890.0, 40, 20), 7.6: (3595.0, 1890.0, 40, 20), 8.0: (3595.0, 1890.0, 40, 20), 8.4: (3595.0, 1890.0, 40, 20), 8.8: (3595.0, 1890.0, 40, 20), 9.2: (3595.0, 1890.0, 40, 20), 9.6: (3595.0, 1890.0, 40, 20), 10.0: (3595.0, 1890.0, 40, 20), 10.4: (3595.0, 1890.0, 40, 20), 10.8: (3595.0, 1890.0, 40, 20), 11.2: (3595.0, 1890.0, 40, 20), 11.6: (3595.0, 1890.0, 40, 20), 12.0: (3595.0, 1890.0, 40, 20), 12.4: (3595.0, 1890.0, 40, 20), 12.8: (3595.0, 1890.0, 40, 20), 13.2: (3595.0, 1890.0, 40, 20), 13.6: (3595.0, 1890.0, 40, 20), 14.0: (3595.0, 1890.0, 40, 20), 14.4: (3595.0, 1890.0, 40, 20), 14.8: (3595.0, 1890.0, 40, 20), 15.2: (3595.0, 1890.0, 40, 20), 15.6: (3595.0, 1890.0, 40, 20), 16.0: (3595.0, 1890.0, 40, 20), 16.4: (3595.0, 1890.0, 40, 20), 16.8: (3595.0, 1890.0, 40, 20), 17.2: (3595.0, 1890.0, 40, 20), 17.6: (3595.0, 1890.0, 40, 20), 18.0: (3595.0, 1890.0, 40, 20), 18.4: (3595.0, 1890.0, 40, 20), 18.8: (3595.0, 1890.0, 40, 20), 19.2: (3595.0, 1890.0, 40, 20), 19.6: (3595.0, 1890.0, 40, 20)}
28
---------------------------------
Car
{0.0: (2873.0, 1461.0, 40, 20), 0.4: (2880.0, 1463.0, 40, 20), 0.8: (2888.0, 1466.0, 40, 20), 1.2: (2896.0, 1469.0, 40, 20), 1.6: (2904.0, 1472.0, 40, 20), 2.0: (2913.0, 1475.0, 40, 20), 2.4: (2923.0, 1478.0, 40, 20), 2.8: (2933.0, 1482.0, 40, 20), 3.2: (2942.0, 1486.0, 40, 20), 3.6: (2950.0, 1490.0, 40, 20), 4.0: (2958.0, 1494.0, 40, 20), 4.4: (2965.0, 1498.0, 40, 20), 4.8: (2973.0, 1503.0, 40, 20), 5.2: (2982.0, 1509.0, 40, 20), 5.6: (2990.0, 1515.0, 40, 20), 6.0: (2998.0, 1521.0, 40, 20), 6.4: (3008.0, 1529.0, 40, 20), 6.8: (3018.0, 1537.0, 40, 20), 7.2: (3028.0, 1545.0, 40, 20), 7.6: (3039.0, 1555.0, 40, 20), 8.0: (3050.0, 1564.0, 40, 20), 8.4: (3061.0, 1575.0, 40, 20), 8.8: (3073.0, 1586.0, 40, 20), 9.2: (3085.0, 1597.0, 40, 20), 9.6: (3097.0, 1608.0, 40, 20), 10.0: (3108.0, 1617.0, 40, 20), 10.4: (3120.0, 1627.0, 40, 20), 10.8: (3131.0, 1636.0, 40, 20), 11.2: (3143.0, 1646.0, 40, 20), 11.6: (3155.0, 1657.0, 40, 20), 12.0: (3168.0, 1668.0, 40, 20), 12.4: (3181.0, 1679.0, 40, 20), 12.8: (3194.0, 1691.0, 40, 20), 13.2: (3206.0, 1702.0, 40, 20), 13.6: (3218.0, 1712.0, 40, 20), 14.0: (3231.0, 1724.0, 40, 20), 14.4: (3245.0, 1737.0, 40, 20), 14.8: (3262.0, 1752.0, 40, 20), 15.2: (3280.0, 1768.0, 40, 20), 15.6: (3298.0, 1785.0, 40, 20), 16.0: (3317.0, 1802.0, 40, 20), 16.4: (3335.0, 1820.0, 40, 20), 16.8: (3354.0, 1837.0, 40, 20), 17.2: (3373.0, 1854.0, 40, 20), 17.6: (3391.0, 1870.0, 40, 20), 18.0: (3408.0, 1886.0, 40, 20), 18.4: (3424.0, 1901.0, 40, 20), 18.8: (3440.0, 1916.0, 40, 20), 19.2: (3455.0, 1929.0, 40, 20), 19.6: (3468.0, 1942.0, 40, 20)}
29
---------------------------------
Car
{0.0: (2817.0, 1460.0, 40, 20), 0.4: (2818.0, 1461.0, 40, 20), 0.8: (2819.0, 1461.0, 40, 20), 1.2: (2820.0, 1461.0, 40, 20), 1.6: (2824.0, 1461.0, 40, 20), 2.0: (2831.0, 1461.0, 40, 20), 2.4: (2839.0, 1462.0, 40, 20), 2.8: (2849.0, 1462.0, 40, 20), 3.2: (2861.0, 1463.0, 40, 20), 3.6: (2873.0, 1465.0, 40, 20), 4.0: (2887.0, 1468.0, 40, 20), 4.4: (2902.0, 1471.0, 40, 20), 4.8: (2915.0, 1475.0, 40, 20), 5.2: (2927.0, 1479.0, 40, 20), 5.6: (2938.0, 1484.0, 40, 20), 6.0: (2948.0, 1489.0, 40, 20), 6.4: (2959.0, 1495.0, 40, 20), 6.8: (2969.0, 1500.0, 40, 20), 7.2: (2979.0, 1506.0, 40, 20), 7.6: (2988.0, 1513.0, 40, 20), 8.0: (2998.0, 1520.0, 40, 20), 8.4: (3009.0, 1528.0, 40, 20), 8.8: (3020.0, 1537.0, 40, 20), 9.2: (3030.0, 1546.0, 40, 20), 9.6: (3041.0, 1555.0, 40, 20), 10.0: (3051.0, 1564.0, 40, 20), 10.4: (3061.0, 1573.0, 40, 20), 10.8: (3071.0, 1582.0, 40, 20), 11.2: (3080.0, 1590.0, 40, 20), 11.6: (3088.0, 1598.0, 40, 20), 12.0: (3096.0, 1605.0, 40, 20), 12.4: (3103.0, 1612.0, 40, 20), 12.8: (3111.0, 1620.0, 40, 20), 13.2: (3119.0, 1628.0, 40, 20), 13.6: (3128.0, 1636.0, 40, 20), 14.0: (3136.0, 1645.0, 40, 20), 14.4: (3146.0, 1654.0, 40, 20), 14.8: (3157.0, 1664.0, 40, 20), 15.2: (3169.0, 1674.0, 40, 20), 15.6: (3182.0, 1685.0, 40, 20), 16.0: (3194.0, 1696.0, 40, 20), 16.4: (3206.0, 1706.0, 40, 20), 16.8: (3217.0, 1716.0, 40, 20), 17.2: (3229.0, 1727.0, 40, 20), 17.6: (3241.0, 1738.0, 40, 20), 18.0: (3253.0, 1749.0, 40, 20), 18.4: (3265.0, 1760.0, 40, 20), 18.8: (3278.0, 1771.0, 40, 20), 19.2: (3292.0, 1784.0, 40, 20), 19.6: (3307.0, 1798.0, 40, 20)}
30
---------------------------------
